0 0.6083203125000001 0.6049966881405564 0.525625 0.33583499999999994
0 0.4266015625 0.6325521786237188 0.15999999999999998 0.23358299999999993
0 0.46875 0.5947477862371888 0.125625 0.3161350000000001
0 0.5906640625 0.645133111273792 0.17562499999999992 0.27673499999999995
0 0.5670703125 0.28832605563689606 0.0893750000000001 0.13977499999999998
0 0.66890625 0.39055111713030743 0.16437499999999994 0.18480300000000008
0 0.690625 0.6430804729136165 0.125625 0.17073200000000002
0 0.78578125 0.6084069150805271 0.16500000000000004 0.3189499999999999
0 0.846328125 0.6783684787701317 0.09812500000000002 0.08067500000000007
0 0.91640625 0.39134992093704246 0.16500000000000004 0.22701700000000002
