0 0.12953125 0.09968716666666666 0.16499999999999998 0.19499999999999998
0 0.12742187500000002 0.8438541666666667 0.08999999999999998 0.19416700000000006
0 0.1296484375 0.35062533333333334 0.093125 0.19916599999999995
0 0.13871093750000002 0.59682325 0.07625 0.196666
0 0.3623046875 0.09578091666666666 0.16375 0.18583400000000003
0 0.3735546875 0.8481253333333334 0.10062500000000002 0.19999999999999987
0 0.382890625 0.3522913333333333 0.08250000000000002 0.199167
0 0.3866796875 0.59848925 0.06937500000000002 0.19666700000000015
0 0.6124609375 0.8488541666666666 0.10875000000000001 0.19500000000000015
0 0.6250390625 0.09708299999999999 0.11250000000000004 0.189167
0 0.6341796875 0.5988541666666666 0.06874999999999998 0.19500000000000015
0 0.8596484375 0.8490625 0.12375000000000003 0.20499999999999993
0 0.8698046875 0.09895833333333333 0.10062500000000008 0.20000000000000004
0 0.8774609375 0.5964583333333333 0.07625000000000004 0.1983330000000001
0 0.8792578125 0.3503645833333333 0.07374999999999998 0.20666700000000002
